concepts: 256
cond_lam: 1.2527751499922657
faithful_lam: 0.988208325569058
k: 32
l1_lam: 0.015273700652534203
recon_lam: 1.9393049186777316
sae_lr: 0.0015560655763762691
sae_steps: 30000
