concepts: 1024
cond_lam: 0.5276607269028557
decorr_lam: 0.3878661375470448
faithful_lam: 1.6415509210648647
k: 128
l1_lam: 0.12738769055474058
recon_lam: 1.0511448392146314
sae_lr: 0.0005029677500149963
sae_steps: 10000
